-100 0 544 515 0 -300
-100 0 467 711 0 -75
-20 0 354 379 450 130
-40 0 896 749 0 -75
-40 0 1001 539 0 -300
-60 0 803 520 0 -300
-60 0 729 702 0 -75
-80 0 598 695 0 -75
-80 0 665 512 0 -300
0 0 513 391 450 130
100 0 792 486 0 300
100 0 789 723 0 75
20 0 643 393 450 130
40 0 352 761 0 75
40 0 247 547 0 300
60 0 446 526 0 300
60 0 518 708 0 75
80 0 652 699 0 75
80 0 586 519 0 300
-100 10 544 450 0 -300
-100 10 480 629 0 -75
-120 10 305 684 0 -75
-20 10 1091 757 0 -75
-20 10 340 306 450 130
-40 10 873 660 0 -75
-40 10 997 471 0 -300
-60 10 803 453 0 -300
-60 10 726 620 0 -75
-80 10 604 610 0 -75
-80 10 669 447 0 -300
0 10 510 319 450 130
100 10 712 457 0 300
100 10 779 637 0 75
20 10 161 750 0 75
20 10 647 324 450 130
40 10 790 318 450 130
40 10 383 658 0 75
40 10 257 478 0 300
60 10 449 460 0 300
60 10 530 621 0 75
80 10 652 618 0 75
80 10 588 455 0 300
-100 20 534 385 0 -300
-100 20 479 558 0 -75
-120 20 326 609 0 -75
-120 20 385 395 0 -300
-40 20 855 586 0 -75
-40 20 1001 414 0 -300
-60 20 805 392 0 -300
-60 20 717 550 0 -75
-80 20 599 541 0 -75
-80 20 663 386 0 -300
100 20 715 394 0 300
100 20 768 565 0 75
20 20 197 672 0 75
40 20 396 586 0 75
40 20 251 416 0 300
60 20 446 396 0 300 
60 20 533 551 0 75
80 20 648 544 0 75
80 20 585 390 0 300
-100 30 539 320 0 -300
-100 30 489 490 0 -75
-120 30 336 534 0 -75
-120 30 374 327 0 -300
-40 30 852 518 0 -75
-60 30 720 483 0 -75
-80 30 606 477 0 -75
-80 30 671 317 0 -300
0 30 521 693 10 10
0 30 694 692 10 -10
0 30 536 610 20 10
0 30 685 609 20 -10
100 30 768 501 0 75
100 30 720 327 0 300
20 30 226 595 0 75
20 30 793 647 20 -10
20 30 636 600 20 10
20 30 788 738 10 -10
20 30 611 671 10 10
40 30 700 686 10 10
40 30 738 620 20 10
40 30 924 733 20 -10
40 30 402 519 0 75
40 30 239 349 0 300
60 30 439 331 0 300
60 30 534 489 0 75
60 30 797 735 10 10
60 30 855 677 20 10
80 30 651 482 0 75
80 30 586 324 0 300
-100 40 479 424 0 -75
-100 40 521 238 0 -300
-120 40 353 249 0 -300
-120 40 338 470 0 -75
-20 40 1022 530 0 -75
-20 40 590 536 20 -10
-20 40 434 579 20 10
-20 40 609 604 10 -10
-20 40 437 660 10 10
-40 40 335 756 10 10
-40 40 527 622 10 -10
-40 40 309 662 20 10
-40 40 491 559 20 -10
-40 40 851 455 0 -75
-40 40 1043 277 0 -300
-60 40 835 249 0 -300
-60 40 722 418 0 -75
-60 40 378 616 20 -10
-60 40 437 673 10 -10
-60 40 153 816 20 10
-80 40 238 735 20 -10
-80 40 334 770 10 -10
-80 40 599 412 0 -75
-80 40 673 237 0 -300
0 40 540 540 20 10
0 40 528 612 10 10
0 40 691 613 10 -10
0 40 684 539 20 -10
100 40 768 437 0 75
100 40 729 247 0 300
20 40 234 525 0 75
20 40 612 596 10 10
20 40 773 650 10 -10
20 40 635 529 20 10
20 40 785 573 20 -10
40 40 901 646 20 -10
40 40 733 548 20 10
40 40 866 729 10 -10
40 40 694 605 10 10
40 40 402 452 0 75
40 40 211 277 0 300
60 40 420 250 0 300
60 40 533 421 0 75
60 40 841 599 20 10
60 40 780 647 10 10
60 40 1040 782 20 -10
80 40 968 700 20 10
80 40 877 729 10 10
80 40 650 418 0 75
80 40 582 244 0 300