-100 0 519 542 0 -300
-20 0 450 669 75 0
-20 0 460 460 240 0
-20 0 320 411 450 130
-20 0 572 417 450 -130
-40 0 441 416 450 -130
-40 0 291 458 240 0
-40 0 1000 575 0 -300
-60 0 791 550 0 -300
-80 0 648 540 0 -300
0 0 594 461 240 0
0 0 481 419 450 130
0 0 703 417 450 -130
0 0 587 656 75 0
100 0 672 546 0 300
40 0 899 456 240 0
60 0 398 558 0 300
80 0 544 547 0 300
-100 10 521 477 0 -300
-120 10 377 488 0 -300
-20 10 459 593 75 0
-20 10 462 395 240 0
-20 10 576 351 450 -130
-40 10 439 349 450 -130
-40 10 289 395 240 0
-40 10 992 512 0 -300
-60 10 789 483 0 -300
-60 10 730 695 0 -75
-80 10 607 680 0 -75
-80 10 649 477 0 -300
20 10 719 591 75 0
20 10 728 394 240 0
20 10 877 338 450 -130 
40 10 911 392 240 0
-100 20 519 417 0 -300
-100 20 491 612 0 -75
-20 20 459 520 75 0
-20 20 452 330 240 0
-40 20 862 670 0 -75
-60 20 720 619 0 -75
-80 20 601 603 0 -75
20 20 715 521 75 0
20 20 732 325 240 0
40 20 920 323 240 0
60 20 468 620 0 75
60 20 445 425 0 300
80 20 542 416 0 300
80 20 585 607 0 75
-20 30 460 458 75 0
-20 30 442 251 240 0
-20 30 1035 698 0 -75
-40 30 850 594 0 -75
-60 30 714 541 0 -75
-60 30 796 356 0 -300
-80 30 608 532 0 -75
0 30 582 447 75 0
0 30 596 252 240 0
100 30 688 544 0 75
100 30 675 353 0 300
40 30 352 592 0 75
60 30 475 549 0 75
80 30 587 538 0 75
-20 40 447 392 75 0
-20 40 446 697 20 10
-20 40 593 639 20 -10
-20 40 617 721 10 -10
-40 40 517 655 20 10
-40 40 837 526 0 -75
-60 40 709 481 0 -75
-60 40 438 698 20 -10
-80 40 606 466 0 -75
0 40 526 658 20 10
0 40 666 655 20 -10
