-10 0 571 591 75 0
-10 0 565 418 240 0
-10 0 444 381 450 130
-10 0 673 385 450 -130
-20 0 608 384 450 -130
-20 0 354 375 450 130
-20 0 497 417 240 0
-20 0 502 597 75 0
-30 0 423 611 75 0
-30 0 236 369 450 130
-30 0 542 384 450 -130
-30 0 417 416 240 0
-30 0 1087 833 0 -75
-40 0 968 779 0 -75
-40 0 323 417 240 0
-40 0 332 636 75 0
-40 0 472 380 450 -130
-40 0 1032 528 0 -300
-50 0 914 511 0 -300
-50 0 867 736 0 -75
-50 0 206 673 75 0
-50 0 196 416 240 0
-50 0 390 375 450 -130
-60 0 281 370 450 -130
-60 0 788 711 0 -75
-60 0 825 501 0 -300
-70 0 752 494 0 -300
-70 0 718 687 0 -75
-80 0 655 685 0 -75
-80 0 685 492 0 -300
-90 0 625 491 0 -300
-90 0 595 684 0 -75
0 0 518 383 450 130
0 0 738 384 450 -130
0 0 631 418 240 0
0 0 634 586 75 0
10 0 698 590 75 0
10 0 694 418 240 0
10 0 589 386 450 130
10 0 814 381 450 -130
20 0 897 376 450 -130
20 0 651 385 450 130
20 0 764 419 240 0
20 0 765 596 75 0
30 0 841 613 75 0
30 0 840 421 240 0
30 0 716 384 450 130
30 0 1013 372 450 -130
30 0 159 840 0 75
40 0 291 778 0 75
40 0 936 422 240 0
40 0 789 383 450 130
40 0 936 640 75 0
40 0 223 534 0 300
50 0 343 516 0 300
50 0 387 742 0 75
50 0 1048 676 75 0
60 0 468 708 0 75
60 0 433 508 0 300
60 0 973 375 450 130
70 0 508 501 0 300
70 0 540 698 0 75
80 0 604 685 0 75
80 0 572 496 0 300
-10 10 566 353 240 0
-10 10 574 524 75 0
-10 10 438 309 450 130
-10 10 678 315 450 -130
-20 10 610 315 450 -130
-20 10 341 305 450 130
-20 10 495 350 240 0
-20 10 507 524 75 0
-50 10 236 596 75 0 
-50 10 919 452 0 -300
-50 10 847 652 0 -75
-50 10 378 306 450 -130
-60 10 260 297 450 -130
-60 10 779 627 0 -75
-60 10 829 439 0 -300
-70 10 755 433 0 -300
-70 10 714 612 0 -75
-80 10 657 606 0 -75
-80 10 688 430 0 -300
-90 10 624 429 0 -300
-90 10 597 610 0 -75
0 10 634 351 240 0
0 10 634 518 75 0
0 10 515 316 450 130
0 10 748 314 450 -130
10 10 829 312 450 -130
10 10 587 318 450 130
10 10 701 355 240 0
10 10 696 521 75 0
20 10 765 530 75 0
20 10 773 352 240 0
20 10 654 317 450 130
20 10 922 310 450 -130
30 10 1039 304 450 -130
30 10 724 318 450 130
30 10 855 355 240 0
30 10 836 546 75 0
30 10 209 746 0 75
40 10 324 690 0 75
40 10 954 357 240 0
40 10 928 572 75 0
40 10 231 472 0 300
50 10 348 453 0 300
50 10 411 653 0 75
50 10 1035 605 75 0
60 10 436 446 0 300
60 10 486 627 0 75
70 10 546 616 0 75
70 10 510 440 0 300
80 10 574 436 0 300
80 10 603 611 0 75
-10 20 559 277 240 0
-10 20 569 456 75 0
-10 20 417 228 450 130
-10 20 680 234 450 -130
-20 20 608 235 450 -130
-20 20 308 221 450 130
-20 20 482 275 240 0
-20 20 505 461 75 0
-30 20 434 473 75 0
-30 20 172 214 450 130
-30 20 529 232 450 -130
-30 20 1014 660 0 -75
-40 20 912 614 0 -75
-40 20 1037 406 0 -300
-40 20 285 275 240 0
-40 20 346 495 75 0
-40 20 444 229 450 -130
-50 20 348 224 450 -130
-50 20 927 388 0 -300
-50 20 837 578 0 -75
-50 20 144 271 240 0
-50 20 242 528 75 0
-60 20 766 555 0 -75
-60 20 837 375 0 -300
-60 20 768 554 0 -75
-60 20 220 215 450 -130
-70 20 759 368 0 -300
-70 20 708 543 0 -75
-80 20 653 537 0 -75
-80 20 688 365 0 -300
-90 20 626 362 0 -300
-90 20 599 539 0 -75
0 20 504 235 450 130
0 20 757 234 450 -130
0 20 632 279 240 0
0 20 635 451 75 0
10 20 696 456 75 0
10 20 707 278 240 0
10 20 852 233 450 -130
10 20 581 235 450 130
20 20 654 237 450 130
20 20 947 229 450 -130
20 20 785 279 240 0
20 20 764 467 75 0
30 20 836 478 75 0
30 20 870 280 240 0
30 20 1072 227 450 -130
30 20 734 235 450 130
30 20 240 657 0 75
40 20 342 612 0 75
40 20 975 283 240 0
40 20 923 501 75 0
40 20 816 233 450 130
40 20 217 401 0 300
50 20 336 385 0 300
50 20 419 575 0 75
50 20 1031 540 75 0
60 20 489 552 0 75
60 20 431 377 0 300
60 20 1034 227 450 130
70 20 550 541 0 75
70 20 506 368 0 300
80 20 574 368 0 300
80 20 603 536 0 75
-10 30 504 690 20 10
-10 30 671 667 20 -10
-10 30 573 389 75 0
-10 30 555 187 240 0
-20 30 468 184 240 0
-20 30 460 721 20 10
-20 30 633 664 20 -10
-20 30 507 392 75 0
-30 30 430 404 75 0
-30 30 365 183 240 0
-30 30 415 762 10 10
-30 30 591 665 10 -10
-30 30 996 592 0 -75
-40 30 906 541 0 -75
-40 30 348 426 75 0
-40 30 246 180 240 0
-40 30 1068 338 0 -300
-50 30 948 318 0 -300
-50 30 834 506 0 -75
-50 30 240 457 75 0
-50 30 509 694 20 -10
-60 30 465 725 20 -10
-60 30 770 487 0 -75
-60 30 854 304 0 -300
-60 30 174 113 450 -130
-70 30 769 296 0 -300
-70 30 709 476 0 -75
-70 30 414 761 20 -10
-80 30 656 473 0 -75
-80 30 698 292 0 -300
-90 30 626 289 0 -300
-90 30 598 471 0 -75
0 30 636 188 240 0
0 30 635 385 75 0
0 30 545 670 20 10
0 30 713 680 20 -10
10 30 756 704 20 -10
10 30 589 664 20 10
10 30 701 391 75 0
10 30 719 187 240 0
20 30 806 191 240 0
20 30 769 401 75 0
20 30 629 657 20 10
20 30 799 732 20 -10
30 30 669 665 20 10
30 30 847 418 75 0
30 30 908 193 240 0
30 30 262 587 0 75
40 30 356 537 0 75
40 30 1023 195 240 0
40 30 926 441 75 0
40 30 200 332 0 300
50 30 319 313 0 300
50 30 425 510 0 75
50 30 753 696 20 10
60 30 797 722 20 10
60 30 494 488 0 75
60 30 419 308 0 300
70 30 498 300 0 300
70 30 553 478 0 75
80 30 606 473 0 75
80 30 571 296 0 300
-10 40 509 713 10 10
-10 40 688 679 10 -10
-10 40 512 614 20 10
-10 40 668 590 20 -10
-10 40 565 317 75 0
-20 40 499 322 75 0
-20 40 481 738 10 10
-20 40 660 668 10 -10
-20 40 469 640 20 10
-20 40 632 588 20 -10
-30 40 592 591 20 -10
-30 40 426 669 20 10
-30 40 632 667 10 -10
-30 40 986 521 0 -75
-30 40 416 337 75 0
-40 40 332 355 75 0
-40 40 553 601 20 -10
-20 40 630 586 20 -10
-20 40 467 635 20 10
-20 40 661 670 10 -10
-20 40 484 740 10 10
-20 40 495 320 75 0
-30 40 420 335 75 0
-30 40 592 587 20 -10
-30 40 427 669 20 10
-30 40 628 667 10 -10
-30 40 982 524 0 -75
-40 40 909 476 0 -75
-40 40 325 355 75 0
-40 40 604 669 10 -10
-40 40 379 718 20 10
-40 40 553 597 20 -10
-50 40 514 615 20 -10
-50 40 574 676 10 -10
-50 40 337 778 20 10
-50 40 837 445 0 -75
-50 40 979 241 0 -300
-60 40 875 225 0 -300
-60 40 771 423 0 -75
-60 40 475 638 20 -10
-60 40 543 692 10 -10
-70 40 515 711 10 -10
-70 40 431 674 20 -10
-70 40 712 414 0 -75
-70 40 787 216 0 -300
-80 40 703 208 0 -300
-80 40 654 407 0 -75
-90 40 597 407 0 -75
-90 40 627 208 0 -300
0 40 636 314 75 0
0 40 540 695 10 10
0 40 717 699 10 -10
0 40 550 598 20 10
0 40 706 601 20 -10
10 40 747 619 20 -10
10 40 591 586 20 10
10 40 744 719 10 -10
10 40 572 676 10 10
30 40 630 668 10 10
30 40 666 588 20 10
30 40 827 682 20 -10
30 40 858 339 75 0
40 40 951 370 75 0
40 40 659 672 10 10
40 40 707 600 20 10
40 40 871 732 20 -10
40 40 358 471 0 75
40 40 165 254 0 300
50 40 289 231 0 300
50 40 690 678 10 10
50 40 745 616 20 10
60 40 490 423 0 75
60 40 396 223 0 300 
60 40 718 696 10 10
60 40 787 642 20 10
70 40 828 678 20 10
70 40 744 718 10 10
70 40 551 408 0 75
70 40 487 214 0 300
80 40 568 213 0 300
80 40 607 407 0 75
80 40 773 747 10 10
80 40 868 722 20 10