-105 0 516 543 0 -300
-120 0 404 548 0 -300
-15 0 531 649 75 0
-15 0 527 472 240 0
-15 0 402 426 450 130
-15 0 634 435 450 -130
-15 0 750 440 450 -300
-30 0 641 440 450 -300
-30 0 529 434 450 -130
-30 0 230 410 450 130
-30 0 405 470 240 0
-30 0 410 674 75 0
-45 0 266 705 75 0
-45 0 259 463 240 0
-45 0 424 427 450 -130
-45 0 552 439 450 -300
-60 0 447 433 450 -300
-60 0 281 414 450 -130
-60 0 817 552 0 -300
-75 0 702 545 0 -300
-75 0 302 424 450 -300
-90 0 610 543 0 -300
0 0 625 647 75 0
0 0 622 473 240 0
0 0 866 434 450 -300
0 0 379 430 450 300
0 0 730 435 450 -130
0 0 516 433 450 130
105 0 726 547 0 300
120 0 838 556 0 300
15 0 722 652 75 0
15 0 719 472 240 0 
15 0 844 431 450 -130
15 0 611 436 450 130
15 0 1033 423 450 -300
15 0 497 438 450 300
30 0 599 442 450 300
30 0 838 674 75 0
30 0 832 472 240 0
30 0 710 436 450 130
30 0 1004 420 450 -130
45 0 815 432 450 130
45 0 691 441 450 300
45 0 277 563 0 300
45 0 984 714 75 0
45 0 978 471 240 0
60 0 428 551 0 300
60 0 964 423 450 130
60 0 799 439 450 300
75 0 533 545 0 300
75 0 933 431 450 300
90 0 630 545 0 300
-105 15 517 448 0 -300
-105 15 496 641 0 -75
-120 15 395 670 0 -75
-120 15 403 456 0 -300
-15 15 538 546 75 0
-15 15 525 369 240 0
-15 15 639 329 450 -130
-15 15 387 320 450 130
-15 15 764 334 450 -300
-15 15 188 314 450 300
-30 15 204 305 450 130
-30 15 527 328 450 -130
-30 15 399 369 240 0
-30 15 429 563 75 0
-30 15 1014 742 0 -75
-30 15 650 335 450 -300
-45 15 551 333 450 -300
-45 15 415 323 450 -130 
-45 15 248 365 240 0
-45 15 304 595 75 0
-45 15 877 681 0 -75
-45 15 964 470 0 -300
-60 15 819 456 0 -300
-60 15 767 644 0 -75
-60 15 434 331 450 -300
-60 15 252 308 450 -130
-75 15 281 319 450 -130
-75 15 672 627 0 -75
-75 15 707 448 0 -300
-90 15 611 446 0 -300
-90 15 588 629 0 -75
0 15 627 541 75 0
0 15 623 372 240 0
0 15 506 327 450 130
0 15 740 327 450 -130
0 15 888 327 450 -300
0 15 359 326 450 300
105 15 728 453 0 300
105 15 741 641 0 75
120 15 840 674 0 75
120 15 835 464 0 300
15 15 720 547 75 0
15 15 730 369 240 0
15 15 615 329 450 130
15 15 869 321 450 -130
15 15 1084 313 450 -300
15 15 493 335 450 300
30 15 602 339 450 300
30 15 723 330 450 130
30 15 1050 308 450 -130
30 15 851 370 240 0
30 15 832 567 75 0
30 15 246 745 0 75
45 15 380 683 0 75
45 15 294 474 0 300
45 15 703 337 450 300
45 15 841 324 450 130
45 15 1015 366 240 0
45 15 975 603 75 0
60 15 431 458 0 300
60 15 819 332 450 300
60 15 488 647 0 75
75 15 576 628 0 75
75 15 538 451 0 300
75 15 970 324 450 300
90 15 632 451 0 300
90 15 654 629 0 75
-105 30 508 540 0 -75
-105 30 508 347 0 -300
-120 30 387 356 0 -300
-120 30 409 569 0 -75
-15 30 784 201 450 -300
-15 30 635 196 450 -130
-15 30 332 184 450 130
-15 30 505 248 240 0
-15 30 534 450 75 0
-15 30 494 749 20 10
-15 30 656 709 20 -10
-30 30 591 713 20 -10
-30 30 968 621 0 -75
-30 30 421 467 75 0
-30 30 355 245 240 0
-30 30 502 193 450 -130
-30 30 648 204 450 -300
-45 30 531 204 450 -300
-45 30 368 187 450 -130
-45 30 178 247 240 0
-45 30 300 499 75 0
-45 30 854 571 0 -75
-45 30 533 731 20 -10
-45 30 975 367 0 -300
-60 30 830 351 0 -300
-60 30 755 539 0 -75
-60 30 395 197 450 -300
-60 30 177 174 450 -130
-60 30 469 766 20 -10
-75 30 207 185 450 -300
-75 30 666 526 0 -75
-75 30 710 343 0 -300
-90 30 610 343 0 -300
-90 30 587 527 0 -75
0 30 759 193 450 -130
0 30 484 195 450 130
0 30 623 248 240 0
0 30 629 442 75 0
0 30 314 196 450 300
0 30 936 188 450 -300
0 30 555 720 20 10
0 30 715 727 20 -10
105 30 733 348 0 300
105 30 734 538 0 75
120 30 829 562 0 75
120 30 850 356 0 300
15 30 718 447 75 0
 15 30 739 248 240 0
15 30 906 184 450 -130
15 30 607 197 450 130
15 30 1147 177 450 -300
15 30 461 202 450 300
15 30 615 709 20 10
15 30 780 757 20 -10
30 30 676 712 20 10
30 30 829 467 75 0
30 30 877 247 240 0
30 30 1116 167 450 -130
30 30 733 194 450 130
30 30 591 207 450 300
30 30 272 642 0 75
30 30 676 712 20 10
45 30 736 732 20 10
45 30 950 499 75 0
45 30 1054 244 0 75
45 30 869 186 450 130
45 30 708 206 450 300
45 30 263 376 0 300
45 30 387 582 0 75
60 30 490 546 0 75
60 30 413 357 0 300
60 30 847 200 450 300
60 30 1063 173 450 130
60 30 806 777 20 10
75 30 526 349 0 300
75 30 572 532 0 75
75 30 1018 187 450 300
90 30 630 345 0 300
90 30 652 530 0 75
-105 45 486 220 0 -300
-105 45 501 441 0 -75
-120 45 410 471 0 -75
-120 45 347 233 0 -300
-15 45 528 340 75 0
-15 45 507 631 20 10
-15 45 655 599 20 -10
-15 45 514 716 10 10
-15 45 675 670 10 -10
-30 45 628 664 10 -10
-30 45 472 759 10 10
-30 45 447 674 20 10
-30 45 595 601 20 -10 
-30 45 408 364 75 0
-30 45 964 516 0 -75
-45 45 857 473 0 -75
-45 45 1037 244 0 -300
-45 45 289 400 75 0
-45 45 392 730 20 10
-45 45 545 612 20 -10
-45 45 589 671 10 -10
-60 45 544 690 10 -10
-60 45 484 643 20 -10
-60 45 760 440 0 -75
-60 45 866 221 0 -300
-75 45 727 212 0 -300
-75 45 670 426 0 -75
-75 45 428 693 20 -10
-75 45 502 723 10 -10
-90 45 463 767 10 -10
-90 45 371 761 20 -10
-90 45 608 214 0 -300
-90 45 586 426 0 -75
105 45 752 222 0 300
105 45 740 441 0 75
120 45 828 466 0 75
120 45 885 231 0 300
15 45 732 339 75 0
15 45 617 596 20 10
15 45 764 637 20 -10
15 45 595 670 10 10
15 45 759 718 10 -10
30 45 805 768 10 -10
30 45 639 666 10 10
30 45 675 602 20 10
30 45 829 684 20 -10
30 45 850 359 75 0
30 45 293 533 0 75
45 45 397 485 0 75
45 45 226 259 0 300
45 45 1177 71 240 0
45 45 982 398 75 0
45 45 731 618 20 10 
45 45 886 749 20 -10
45 45 681 677 10 10
60 45 725 697 10 10
60 45 789 652 20 10
60 45 491 449 0 75
60 45 388 234 0 300
75 45 513 221 0 300
75 45 575 434 0 75
75 45 766 729 10 10
75 45 850 704 20 10
90 45 907 774 20 10
90 45 806 777 10 10
90 45 654 430 0 75
90 45 630 218 0 300 
-105 60 487 336 0 -75
-105 60 363 719 10 -10
-120 60 395 372 0 -75
-15 60 505 203 75 0
-15 60 510 532 20 10
-15 60 656 501 20 -10
-15 60 672 568 10 -10
-15 60 521 604 10 10
-30 60 484 642 10 10
-30 60 627 562 10 -10
-30 60 454 572 20 10
-30 60 595 503 20 -10
-30 60 365 240 75 0
-30 60 974 422 0 -75
-45 60 870 364 0 -75
-45 60 226 288 75 0
-45 60 408 622 20 10
-45 60 542 517 20 -10
-45 60 460 684 10 10
-45 60 588 569 10 -10
-60 60 550 583 10 -10
-60 60 443 741 10 10
-60 60 371 690 20 10
-60 60 491 545 20 -10
-60 60 772 335 0 -75
-75 60 672 318 0 -75
-75 60 345 776 20 10
-75 60 440 590 20 -10
-75 60 513 611 10 -10 
-90 60 480 650 10 -10
-90 60 396 646 20 -10
-90 60 581 321 0 -75
105 60 751 333 0 75
120 60 849 364 0 75
15 60 745 203 75 0
15 60 616 500 20 10
15 60 762 534 20 -10
15 60 594 568 10 10
15 60 749 607 10 -10
30 60 883 227 75 0
30 60 279 444 0 75
30 60 673 503 20 10
30 60 814 575 20 -10
30 60 638 562 10 10
30 60 784 644 10 -10
45 60 811 688 10 -10
45 60 677 570 10 10
45 60 725 518 20 10
45 60 861 627 20 -10
45 60 1023 269 75 0
45 60 373 386 0 75
60 60 475 343 0 75
60 60 781 546 20 10
60 60 902 701 20 -10
60 60 716 587 10 10
60 60 831 750 10 -10
75 60 830 593 20 10
75 60 753 614 10 10
75 60 564 324 0 75
90 60 655 319 0 75
90 60 879 654 20 10
90 60 785 652 10 10
