-100 0 545 536 0 -300
-20 0 486 655 75 0
-40 0 317 701 75 0
-40 0 1027 571 0 -300
-60 0 817 546 0 -300
-80 0 673 536 0 -300
0 0 619 642 75 0
100 0 692 533 0 300
20 0 752 655 75 0
40 0 925 697 75 0
40 0 222 572 0 300
60 0 423 544 0 300
80 0 564 533 0 300
-100 10 548 502 0 -300
-100 10 521 727 0 -75
-120 10 409 513 0 -300
-20 10 495 617 75 0
-40 10 334 656 75 0
-60 10 821 510 0 -300
-80 10 677 502 0 -300
-80 10 644 715 0 -75
0 10 622 605 75 0
100 10 694 500 0 300
100 10 725 724 0 75
20 10 752 618 75 0
40 10 921 658 75 0
40 10 237 537 0 300
60 10 430 510 0 300
80 10 569 502 0 300
80 10 607 712 0 75
-100 20 528 643 0 -75
-100 20 548 439 0 -300
-120 20 405 451 0 -300
-120 20 401 684 0 -75
-20 20 497 547 75 0
-40 20 341 583 75 0
-60 20 755 655 0 -75
-60 20 817 447 0 -300
-80 20 675 439 0 -300
-80 20 638 635 0 -75
0 20 620 536 75 0
100 20 694 437 0 300
100 20 715 640 0 75
20 20 743 545 75 0
40 20 903 582 75 0
40 20 351 704 0 75
40 20 236 475 0 300
60 20 427 446 0 300
60 20 489 648 0 75
80 20 568 437 0 300
80 20 605 630 0 75
-100 30 532 570 0 -75
-100 30 547 369 0 -300
-120 30 398 384 0 -300
-120 30 416 611 0 -75
-20 30 499 481 75 0
-40 30 352 514 75 0
-40 30 883 635 0 -75
-60 30 750 578 0 -75
-80 30 641 563 0 -75
-80 30 677 369 0 -300
0 30 622 469 75 0
100 30 713 569 0 75
100 30 697 370 0 300
20 30 745 481 75 0
40 30 898 514 75 0
40 30 369 625 0 75
40 30 230 409 0 300
60 30 424 381 0 300
60 30 497 575 0 75
80 30 604 558 0 75
80 30 566 368 0 300
-100 40 539 297 0 -300
-100 40 533 504 0 -75
-120 40 421 537 0 -75 
-120 40 382 310 0 -300
-20 40 493 414 75 0
-20 40 621 660 20 -10 
-20 40 477 713 20 10
-40 40 346 452 75 0
-40 40 868 561 0 -75
-60 40 746 513 0 -75
-60 40 467 714 20 -10
-80 40 638 495 0 -75
0 40 552 670 20 10
0 40 693 674 20 -10
0 40 618 406 75 0
100 40 711 500 0 75
100 40 702 293 0 300
20 40 228 649 0 75
20 40 749 413 75 0
20 40 625 662 20 10
20 40 773 719 20 -10
40 40 699 679 20 10
40 40 377 553 0 75
40 40 205 343 0 300
60 40 407 307 0 300
60 40 497 508 0 75
80 40 605 493 0 75
80 40 559 294 0 300
-20 10 342 358 450 130
-20 10 605 370 450 -130
-40 10 466 367 450 -130
-60 10 286 355 450 -130
0 10 741 365 450 -130
0 10 508 367 450 130
20 10 640 368 450 130
20 10 912 354 450 -130
-40 20 454 294 450 -130
0 20 748 290 450 -130
0 20 498 294 450 130
20 20 642 295 450 130
20 20 934 277 450 -130
0 30 763 201 450 -130
0 30 481 204 450 130
20 30 643 207 450 130
20 30 974 188 450 -130