-20 0 587 628 75 0
-20 0 440 404 450 130
-20 0 705 422 450 -130
-40 0 564 418 450 -130
-40 0 408 664 75 0
-60 0 375 405 450 -130
-60 0 866 739 0 -75
-60 0 914 546 0 -300
-80 0 774 539 0 -300
-80 0 731 727 0 -75
100 0 845 730 0 75
-100 10 650 475 0 -300
-100 10 618 655 0 -75
-120 10 464 704 0 -75
-120 10 502 487 0 -300
-20 10 598 554 75 0
-20 10 593 387 240 0
-20 10 435 334 450 130
-20 10 709 351 450 -130
-40 10 561 346 450 -130
-40 10 408 384 240 0
-40 10 428 589 75 0
-40 10 1019 709 0 -75
-60 10 862 662 0 -75
-60 10 916 483 0 -300
-60 10 365 333 450 -130
-80 10 779 475 0 -300
-80 10 738 647 0 -75
0 10 729 545 75 0
0 10 732 387 240 0
0 10 611 343 450 130
0 10 846 347 450 -130
100 10 841 656 0 -75
20 10 860 553 75 0
20 10 874 387 240 0
20 10 750 347 450 130
20 10 1018 338 450 -130
40 10 429 717 0 75
40 10 896 341 450 130
60 10 591 658 0 75
80 10 719 646 0 75
-100 20 614 584 0 -75
-100 20 643 410 0 -300
-120 20 494 419 0 -300
-120 20 478 624 0 -75
-20 20 593 490 75 0
-20 20 577 311 240 0
-20 20 719 767 20 -10
-40 20 621 793 20 -10
-40 20 420 525 75 0
-40 20 378 310 240 0
-40 20 992 634 0 -75
-60 20 854 585 0 -75
-60 20 917 416 0 -300
-80 20 772 409 0 -300
-80 20 734 575 0 -75
0 20 641 783 20 10
0 20 816 783 20 -10
0 20 725 480 75 0
0 20 726 312 240 0
100 20 833 579 0 75
20 20 221 757 0 75
20 20 737 767 20 10
20 20 855 487 75 0
20 20 877 314 240 0
40 20 1016 515 75 0
40 20 446 636 0 75
40 20 836 789 20 10
60 20 596 586 0 75
80 20 715 570 0 75
-100 30 623 516 0 -75
-100 30 646 337 0 -300
-120 30 481 349 0 -300
-120 30 492 553 0 -75
-20 30 594 422 75 0
-20 30 556 736 20 10
-20 30 724 677 20 -10
-20 30 751 769 10 -10
-40 30 679 777 10 -10
-40 30 635 697 20 -10
-40 30 442 832 20 10
-40 30 431 457 75 0
-40 30 347 224 240 0
-40 30 989 561 0 -75
-60 30 857 520 0 -75
-60 30 933 348 0 -300
-60 30 540 748 20 -10
-60 30 604 810 10 -10
-80 30 739 507 0 -75
-80 30 781 337 0 -300
0 30 651 688 20 10
0 30 811 692 20 -10
0 30 637 789 10 10
0 30 826 793 10 -10
0 30 731 414 75 0
100 30 830 513 0 75
20 30 738 675 20 10
20 30 908 738 20 -10
20 30 713 767 10 10
20 30 865 425 75 0
40 30 1030 454 75 0
40 30 458 565 0 75
40 30 828 695 20 10
40 30 786 777 10 10
40 30 1021 835 20 -10
60 30 929 753 20 10
80 30 718 504 0 75
-100 40 615 449 0 -75
-20 40 578 348 75 0
-20 40 563 653 20 10
-20 40 722 603 20 -10
-20 40 574 749 10 10
-20 40 747 679 10 -10
-40 40 679 686 10 -10
-40 40 501 835 10 10
-40 40 464 739 20 10
-40 40 637 619 20 -10
-60 40 549 666 20 -10
-60 40 356 881 20 10
-60 40 613 718 10 -10
-80 40 542 784 10 -10
-80 40 445 758 20 -10
-80 40 733 438 0 -75
0 40 656 613 20 10
0 40 806 613 20 -10
0 40 646 697 10 10
0 40 815 699 10 -10
0 40 725 338 75 0
100 40 834 446 0 75
20 40 871 347 75 0
20 40 737 600 20 10
20 40 892 652 20 -10
20 40 710 681 10 10
20 40 884 751 10 -10
60 40 911 664 20 10
60 40 847 715 10 10
80 40 1009 751 10 10